  <define>
    <matrix coldim="2" name="RINDEX" values="7.74901e-06 1.31339 7.75415e-06 1.31358 7.75929e-06 1.31378 7.76444e-06 1.31397 7.7696e-06 1.31417 7.77477e-06 1.31437 7.77994e-06 1.31457 7.78512e-06 1.31477 7.7903e-06 1.31497 7.79549e-06 1.31517 7.80069e-06 1.31537 7.8059e-06 1.31557 7.81111e-06 1.31577 7.81633e-06 1.31598 7.82156e-06 1.31618 7.82679e-06 1.31639 7.83203e-06 1.3166 7.83728e-06 1.3168 7.84253e-06 1.31701 7.8478e-06 1.31722 7.85307e-06 1.31743 7.85834e-06 1.31764 7.86362e-06 1.31785 7.86891e-06 1.31807 7.87421e-06 1.31828 7.87952e-06 1.31849 7.88483e-06 1.31871 7.89015e-06 1.31893 7.89547e-06 1.31914 7.90081e-06 1.31936 7.90615e-06 1.31958 7.91149e-06 1.3198 7.91685e-06 1.32002 7.92221e-06 1.32024 7.92758e-06 1.32047 7.93296e-06 1.32069 7.93834e-06 1.32091 7.94373e-06 1.32114 7.94913e-06 1.32137 7.95454e-06 1.32159 7.95995e-06 1.32182 7.96537e-06 1.32205 7.9708e-06 1.32228 7.97623e-06 1.32251 7.98168e-06 1.32275 7.98713e-06 1.32298 7.99259e-06 1.32321 7.99805e-06 1.32345 8.00352e-06 1.32368 8.009e-06 1.32392 8.01449e-06 1.32416 8.01999e-06 1.3244 8.02549e-06 1.32464 8.031e-06 1.32488 8.03652e-06 1.32513 8.04204e-06 1.32537 8.04758e-06 1.32561 8.05312e-06 1.32586 8.05867e-06 1.32611 8.06422e-06 1.32635 8.06979e-06 1.3266 8.07536e-06 1.32685 8.08094e-06 1.32711 8.08652e-06 1.32736 8.09212e-06 1.32761 8.09772e-06 1.32787 8.10333e-06 1.32812 8.10895e-06 1.32838 8.11457e-06 1.32864 8.12021e-06 1.3289 8.12585e-06 1.32916 8.1315e-06 1.32942 8.13715e-06 1.32968 8.14282e-06 1.32995 8.14849e-06 1.33021 8.15417e-06 1.33048 8.15986e-06 1.33075 8.16556e-06 1.33102 8.17126e-06 1.33129 8.17697e-06 1.33156 8.18269e-06 1.33183 8.18842e-06 1.3321 8.19416e-06 1.33238 8.1999e-06 1.33266 8.20566e-06 1.33293 8.21142e-06 1.33321 8.21719e-06 1.33349 8.22296e-06 1.33378 8.22875e-06 1.33406 8.23454e-06 1.33434 8.24034e-06 1.33463 8.24615e-06 1.33492 8.25197e-06 1.33521 8.2578e-06 1.3355 8.26363e-06 1.33579 8.26947e-06 1.33608 8.27532e-06 1.33637 8.28118e-06 1.33667 8.28705e-06 1.33697 8.29292e-06 1.33726 8.29881e-06 1.33756 8.3047e-06 1.33787 8.3106e-06 1.33817 8.31651e-06 1.33847 8.32243e-06 1.33878 8.32835e-06 1.33909 8.33429e-06 1.3394 8.34023e-06 1.33971 8.34618e-06 1.34002 8.35214e-06 1.34033 8.35811e-06 1.34065 8.36409e-06 1.34096 8.37007e-06 1.34128 8.37607e-06 1.3416 8.38207e-06 1.34192 8.38808e-06 1.34224 8.3941e-06 1.34257 8.40013e-06 1.3429 8.40616e-06 1.34322 8.41221e-06 1.34355 8.41826e-06 1.34388 8.42433e-06 1.34422 8.4304e-06 1.34455 8.43648e-06 1.34489 8.44257e-06 1.34523 8.44867e-06 1.34557 8.45477e-06 1.34591 8.46089e-06 1.34625 8.46701e-06 1.34659 8.47315e-06 1.34694 8.47929e-06 1.34729 8.48544e-06 1.34764 8.4916e-06 1.34799 8.49777e-06 1.34835 8.50395e-06 1.3487 8.51014e-06 1.34906 8.51633e-06 1.34942 8.52254e-06 1.34978 8.52875e-06 1.35015 8.53498e-06 1.35051 8.54121e-06 1.35088 8.54745e-06 1.35125 8.5537e-06 1.35162 8.55996e-06 1.35199 8.56623e-06 1.35237 8.57251e-06 1.35275 8.5788e-06 1.35313 8.58509e-06 1.35351 8.5914e-06 1.35389 8.59771e-06 1.35428 8.60404e-06 1.35466 8.61037e-06 1.35505 8.61672e-06 1.35545 8.62307e-06 1.35584 8.62943e-06 1.35624 8.6358e-06 1.35664 8.64218e-06 1.35704 8.64857e-06 1.35744 8.65497e-06 1.35784 8.66138e-06 1.35825 8.6678e-06 1.35866 8.67423e-06 1.35907 8.68066e-06 1.35949 8.68711e-06 1.35991 8.69357e-06 1.36033 8.70003e-06 1.36075 8.70651e-06 1.36117 8.713e-06 1.3616 8.71949e-06 1.36203 8.726e-06 1.36246 8.73251e-06 1.36289 8.73904e-06 1.36333 8.74557e-06 1.36377 8.75211e-06 1.36421 8.75867e-06 1.36465 8.76523e-06 1.3651 8.7718e-06 1.36555 8.77839e-06 1.366 8.78498e-06 1.36646 8.79158e-06 1.36691 8.7982e-06 1.36737 8.80482e-06 1.36784 8.81145e-06 1.3683 8.8181e-06 1.36877 8.82475e-06 1.36924 8.83141e-06 1.36972 8.83808e-06 1.37019 8.84477e-06 1.37067 8.85146e-06 1.37116 8.85816e-06 1.37164 8.86488e-06 1.37213 8.8716e-06 1.37262 8.87834e-06 1.37312 8.88508e-06 1.37361 8.89183e-06 1.37411 8.8986e-06 1.37462 8.90537e-06 1.37513 8.91216e-06 1.37564 8.91896e-06 1.37615 8.92576e-06 1.37667 8.93258e-06 1.37719 8.93941e-06 1.37771 8.94624e-06 1.37824 8.95309e-06 1.37877 8.95995e-06 1.3793 8.96682e-06 1.37984 8.9737e-06 1.38038 8.98059e-06 1.38092 8.98749e-06 1.38147 8.9944e-06 1.38202 9.00132e-06 1.38257 9.00825e-06 1.38313 9.0152e-06 1.38369 9.02215e-06 1.38426 9.02911e-06 1.38483 9.03609e-06 1.3854 9.04308e-06 1.38597 9.05007e-06 1.38655 9.05708e-06 1.38714 9.0641e-06 1.38773 9.07113e-06 1.38832 9.07817e-06 1.38892 9.08522e-06 1.38952 9.09228e-06 1.39012 9.09936e-06 1.39073 9.10644e-06 1.39134 9.11354e-06 1.39196 9.12064e-06 1.39258 9.12776e-06 1.3932 9.13489e-06 1.39383 9.14203e-06 1.39447 9.14918e-06 1.3951 9.15634e-06 1.39575 9.16351e-06 1.39639 9.1707e-06 1.39705 9.1779e-06 1.3977 9.1851e-06 1.39836 9.19232e-06 1.39903 9.19955e-06 1.3997 9.20679e-06 1.40037 9.21405e-06 1.40105 9.22131e-06 1.40174 9.22858e-06 1.40243 9.23587e-06 1.40312 9.24317e-06 1.40382 9.25048e-06 1.40453 9.2578e-06 1.40524 9.26514e-06 1.40596 9.27248e-06 1.40668 9.27984e-06 1.4074 9.28721e-06 1.40813 9.29459e-06 1.40887 9.30198e-06 1.40961 9.30938e-06 1.41036 9.3168e-06 1.41112 9.32422e-06 1.41188 9.33166e-06 1.41264 9.33911e-06 1.41341 9.34658e-06 1.41419 9.35405e-06 1.41497 9.36154e-06 1.41576 9.36904e-06 1.41656 9.37655e-06 1.41736 9.38407e-06 1.41817 9.3916e-06 1.41898 9.39915e-06 1.4198 9.40671e-06 1.42063 9.41428e-06 1.42146 9.42186e-06 1.4223 9.42946e-06 1.42315 9.43707e-06 1.424 9.44469e-06 1.42486 9.45232e-06 1.42573 9.45996e-06 1.42661 9.46762e-06 1.42749 9.47529e-06 1.42838 9.48297e-06 1.42927 9.49067e-06 1.43018 9.49838e-06 1.43109 9.50609e-06 1.43201 9.51383e-06 1.43294 9.52157e-06 1.43387 9.52933e-06 1.43481 9.5371e-06 1.43576 9.54488e-06 1.43672 9.55268e-06 1.43769 9.56048e-06 1.43866 9.56831e-06 1.43965 9.57614e-06 1.44064 9.58399e-06 1.44164 9.59185e-06 1.44265 9.59972e-06 1.44366 9.6076e-06 1.44469 9.6155e-06 1.44573 9.62341e-06 1.44677 9.63134e-06 1.44783 9.63927e-06 1.44889 9.64722e-06 1.44997 9.65519e-06 1.45105 9.66316e-06 1.45214 9.67115e-06 1.45325 9.67916e-06 1.45436 9.68717e-06 1.45548 9.6952e-06 1.45662 9.70325e-06 1.45776 9.7113e-06 1.45892 9.71937e-06 1.46008 9.72745e-06 1.46126 9.73555e-06 1.46245 9.74366e-06 1.46365 9.75178e-06 1.46486 9.75992e-06 1.46608 9.76807e-06 1.46731 9.77624e-06 1.46856 9.78441e-06 1.46982 9.79261e-06 1.47109 9.80081e-06 1.47237 9.80903e-06 1.47367 9.81726e-06 1.47498 9.82551e-06 1.4763 9.83377e-06 1.47764 9.84205e-06 1.47898 9.85033e-06 1.48035 9.85864e-06 1.48172 9.86695e-06 1.48311 9.87528e-06 1.48452 9.88363e-06 1.48594 9.89199e-06 1.48737 9.90036e-06 1.48882 9.90875e-06 1.49029 9.91715e-06 1.49177 9.92556e-06 1.49326 9.93399e-06 1.49477 9.94244e-06 1.4963 9.9509e-06 1.49784 9.95937e-06 1.49941 9.96786e-06 1.50098 9.97636e-06 1.50258 9.98488e-06 1.50419 9.99341e-06 1.50582 1.0002e-05 1.50747 1.00105e-05 1.50914 1.00191e-05 1.51083 1.00277e-05 1.51253 1.00363e-05 1.51426 1.00449e-05 1.516 1.00535e-05 1.51777 1.00622e-05 1.51956 1.00708e-05 1.52136 1.00795e-05 1.52319 1.00882e-05 1.52504 1.00969e-05 1.52691 1.01056e-05 1.52881 1.01144e-05 1.53072 1.01231e-05 1.53267 1.01319e-05 1.53463 1.01407e-05 1.53662 1.01495e-05 1.53863 1.01583e-05 1.54067 1.01671e-05 1.54273 1.0176e-05 1.54482 1.01848e-05 1.54694 1.01937e-05 1.54908 1.02026e-05 1.55125 1.02115e-05 1.55345 1.02204e-05 1.55568 1.02294e-05 1.55793 1.02383e-05 1.56022 1.02473e-05 1.56254 1.02563e-05 1.56488 1.02653e-05 1.56726 1.02743e-05 1.56968 1.02833e-05 1.57212 1.02924e-05 1.5746 1.03015e-05 1.57711 1.03105e-05 1.57966 1.03196e-05 1.58224 1.03287e-05 1.58486 1.03379e-05 1.58752 1.0347e-05 1.59021 1.03562e-05 1.59295 1.03654e-05 1.59572 1.03746e-05 1.59854 1.03838e-05 1.6014 1.0393e-05 1.6043 1.04022e-05 1.60724 1.04115e-05 1.61023 1.04208e-05 1.61326 1.04301e-05 1.61634 1.04394e-05 1.61947 1.04487e-05 1.62264 1.0458e-05 1.62587 1.04674e-05 1.62915 1.04768e-05 1.63248 1.04862e-05 1.63587 1.04956e-05 1.63931 1.0505e-05 1.6428 1.05144e-05 1.64636 1.05239e-05 1.64997 1.05334e-05 1.65365 1.05429e-05 1.65738 1.05524e-05 1.66119 1.05619e-05 1.66505 1.05715e-05 1.66899 1.0581e-05 1.673 1.05906e-05 1.67707 1.06002e-05 1.68122 1.06098e-05 1.68545 1.06194e-05 1.68975 1.06291e-05 1.69413 1.06388e-05 1.6986 1.06485e-05 1.70315 1.06582e-05 1.70778 1.06679e-05 1.71251 1.06776e-05 1.71732 1.06874e-05 1.72224 1.06971e-05 1.72725 1.07069e-05 1.73236 1.07167e-05 1.73757 1.07266e-05 1.74289 1.07364e-05 1.74832 1.07463e-05 1.75387 1.07562e-05 1.75953 1.07661e-05 1.76532 1.0776e-05 1.77123 1.07859e-05 1.77727 1.07959e-05 1.78344 1.08059e-05 1.78976 1.08158e-05 1.79621 1.08259e-05 1.80282 1.08359e-05 1.80958 1.08459e-05 1.8165 1.0856e-05 1.82359 1.08661e-05 1.83084 1.08762e-05 1.83828 1.08863e-05 1.8459 1.08965e-05 1.85372 1.09066e-05 1.86173 1.09168e-05 1.86995 1.0927e-05 1.87839 1.09372e-05 1.88705 1.09474e-05 1.89595 1.09577e-05 1.90509 1.0968e-05 1.91449 1.09783e-05 1.92416 1.09886e-05 1.9341 1.09989e-05 1.94434 1.10093e-05 1.95487 1.10196e-05 1.96573 1.103e-05 1.97692 1.10404e-05 1.98846 1.10509e-05 2.00037 1.10613e-05 2.01267 1.10718e-05 2.02537 1.10823e-05 2.03849 1.10928e-05 2.05207 1.11033e-05 2.06612 1.11139e-05 2.08067 1.11244e-05 2.09574 1.1135e-05 2.11138 1.11456e-05 2.12761 1.11563e-05 2.14447 1.11669e-05 2.16199 1.11776e-05 2.18022 1.11883e-05 2.1992 1.1199e-05 2.21899 1.12097e-05 2.23964 1.12205e-05 2.26121 1.12313e-05 2.28376 1.12421e-05 2.30737 1.12529e-05 2.33212 1.12637e-05 2.3581 1.12746e-05 2.3854 1.12854e-05 2.41413 1.12963e-05 2.44443 1.13073e-05 2.47642 1.13182e-05 2.51026 1.13292e-05 2.54613 1.13402e-05 2.58422 1.13512e-05 2.62477 1.13622e-05 2.66804 1.13732e-05 2.71432 1.13843e-05 2.76397 1.13954e-05 2.8174 1.14065e-05 2.87508 1.14176e-05 2.93758 1.14288e-05 3.0056 1.144e-05 3.07994 1.14512e-05 3.16162 1.14624e-05 3.25186 1.14736e-05 3.35224 1.14849e-05 3.4647 1.14962e-05 3.5918 1.15075e-05 3.7369 1.15188e-05 3.90453 1.15302e-05 4.10102 1.15416e-05 4.33545 1.1553e-05 4.62145 1.15644e-05 4.98065 1.15758e-05 5.44987"/>
    <matrix coldim="2" name="GROUPVEL" values="7.74901e-06 187.379 7.75158e-06 187.368 7.75672e-06 185.573 7.76186e-06 187.343 7.76702e-06 185.617 7.77218e-06 185.638 7.77735e-06 185.592 7.78253e-06 185.612 7.78771e-06 185.566 7.79289e-06 185.587 7.79809e-06 185.607 7.80329e-06 185.628 7.8085e-06 185.582 7.81372e-06 183.897 7.81894e-06 185.62 7.82417e-06 183.871 7.82941e-06 183.891 7.83465e-06 185.611 7.8399e-06 183.865 7.84516e-06 183.952 7.85043e-06 183.905 7.8557e-06 183.857 7.86098e-06 183.877 7.86626e-06 182.233 7.87156e-06 183.914 7.87686e-06 183.933 7.88217e-06 182.226 7.88749e-06 182.245 7.89281e-06 183.855 7.89814e-06 182.284 7.90348e-06 182.236 7.90882e-06 182.187 7.91417e-06 182.273 7.91953e-06 182.224 7.92489e-06 180.622 7.93027e-06 182.259 7.93565e-06 182.211 7.94103e-06 180.611 7.94643e-06 180.629 7.95183e-06 182.262 7.95724e-06 180.598 7.96266e-06 180.616 7.96808e-06 180.634 7.97351e-06 180.584 7.97895e-06 179.088 7.9844e-06 180.617 7.98986e-06 180.634 7.99532e-06 179.005 8.00078e-06 180.6 8.00626e-06 179.041 8.01174e-06 179.058 8.01724e-06 179.074 8.02274e-06 179.023 8.02824e-06 179.04 8.03376e-06 177.512 8.03928e-06 179.004 8.04481e-06 179.087 8.05035e-06 177.495 8.05589e-06 177.511 8.06144e-06 178.998 8.067e-06 177.544 8.07257e-06 177.492 8.07815e-06 175.998 8.08373e-06 177.454 8.08932e-06 177.537 8.09492e-06 175.978 8.10052e-06 177.499 8.10614e-06 176.01 8.11176e-06 175.957 8.11739e-06 176.04 8.12303e-06 175.987 8.12867e-06 176.001 8.13432e-06 175.948 8.13998e-06 174.558 8.14565e-06 175.976 8.15133e-06 174.519 8.15701e-06 174.533 8.16271e-06 174.548 8.16841e-06 174.493 8.17411e-06 174.507 8.17983e-06 174.521 8.18555e-06 174.534 8.19129e-06 173.109 8.19703e-06 173.053 8.20278e-06 174.572 8.20854e-06 173.081 8.2143e-06 173.094 8.22007e-06 171.626 8.22585e-06 173.119 8.23164e-06 173.063 8.23744e-06 171.667 8.24324e-06 171.68 8.24906e-06 171.693 8.25488e-06 171.705 8.26071e-06 171.648 8.26655e-06 171.66 8.27239e-06 171.672 8.27825e-06 170.306 8.28411e-06 170.317 8.28998e-06 171.636 8.29586e-06 170.341 8.30175e-06 168.931 8.30765e-06 170.294 8.31355e-06 170.305 8.31947e-06 168.966 8.32539e-06 168.907 8.33132e-06 168.988 8.33726e-06 168.929 8.3432e-06 168.94 8.34916e-06 168.95 8.35512e-06 167.638 8.3611e-06 168.97 8.36708e-06 167.589 8.37307e-06 167.669 8.37907e-06 167.609 8.38507e-06 167.619 8.39109e-06 166.331 8.39711e-06 166.341 8.40314e-06 167.576 8.40918e-06 166.36 8.41523e-06 166.299 8.42129e-06 165.106 8.42736e-06 166.316 8.43344e-06 165.054 8.43952e-06 165.063 8.44562e-06 165.071 8.45172e-06 165.009 8.45783e-06 165.088 8.46395e-06 165.026 8.47008e-06 163.858 8.47622e-06 163.795 8.48236e-06 163.803 8.48852e-06 163.811 8.49468e-06 162.594 8.50086e-06 163.824 8.50704e-06 162.609 8.51323e-06 162.546 8.51943e-06 162.623 8.52564e-06 161.358 8.53186e-06 162.635 8.53809e-06 161.372 8.54433e-06 161.378 8.55057e-06 161.384 8.55683e-06 161.39 8.56309e-06 160.218 8.56937e-06 160.224 8.57565e-06 160.229 8.58194e-06 160.164 8.58824e-06 160.24 8.59455e-06 159.017 8.60087e-06 160.249 8.6072e-06 159.028 8.61354e-06 157.965 8.61989e-06 159.036 8.62625e-06 157.904 8.63261e-06 157.909 8.63899e-06 157.913 8.64537e-06 157.917 8.65177e-06 157.921 8.65817e-06 156.808 8.66459e-06 156.812 8.67101e-06 156.815 8.67744e-06 155.649 8.68388e-06 155.723 8.69034e-06 155.726 8.6968e-06 155.658 8.70327e-06 155.731 8.70975e-06 154.655 8.71624e-06 154.587 8.72274e-06 154.66 8.72925e-06 154.591 8.73577e-06 153.603 8.7423e-06 153.534 8.74884e-06 153.535 8.75539e-06 153.607 8.76195e-06 152.494 8.76851e-06 152.496 8.77509e-06 152.567 8.78168e-06 151.47 8.78828e-06 152.497 8.79489e-06 151.543 8.80151e-06 150.462 8.80813e-06 151.472 8.81477e-06 150.533 8.82142e-06 150.462 8.82808e-06 149.467 8.83474e-06 150.461 8.84142e-06 149.538 8.84811e-06 148.487 8.85481e-06 149.465 8.86152e-06 148.556 8.86824e-06 148.484 8.87497e-06 147.59 8.88171e-06 148.481 8.88845e-06 147.516 8.89521e-06 146.636 8.90198e-06 146.563 8.90876e-06 146.632 8.91556e-06 146.629 8.92236e-06 145.622 8.92917e-06 145.69 8.93599e-06 145.687 8.94282e-06 144.693 8.94966e-06 144.76 8.95652e-06 144.757 8.96338e-06 143.846 8.97026e-06 143.843 8.97714e-06 143.839 8.98404e-06 142.941 8.99094e-06 142.937 8.99786e-06 142.932 9.00478e-06 142.047 9.01172e-06 142.113 9.01867e-06 141.169 9.02563e-06 141.164 9.0326e-06 141.229 9.03958e-06 141.224 9.04657e-06 140.293 9.05357e-06 139.513 9.06059e-06 139.507 9.06761e-06 139.501 9.07465e-06 138.663 9.08169e-06 138.656 9.08875e-06 138.649 9.09582e-06 137.892 9.1029e-06 137.815 9.10999e-06 137.069 9.11709e-06 136.991 9.1242e-06 137.053 9.13132e-06 136.248 9.13846e-06 135.451 9.1456e-06 136.231 9.15276e-06 134.658 9.15992e-06 135.426 9.1671e-06 133.943 9.1743e-06 134.701 9.1815e-06 133.856 9.18871e-06 133.159 9.19593e-06 133.15 9.20317e-06 133.14 9.21042e-06 132.453 9.21768e-06 131.635 9.22494e-06 131.625 9.23222e-06 131.684 9.23952e-06 130.945 9.24682e-06 130.215 9.25414e-06 130.204 9.26147e-06 129.551 9.26881e-06 129.471 9.27616e-06 129.528 9.28352e-06 128.816 9.2909e-06 128.111 9.29828e-06 128.099 9.30568e-06 127.402 9.31309e-06 126.781 9.32051e-06 126.7 9.32794e-06 126.756 9.33538e-06 126.075 9.34284e-06 125.47 9.35031e-06 125.388 9.35779e-06 124.79 9.36529e-06 124.131 9.37279e-06 124.117 9.38031e-06 123.466 9.38783e-06 123.452 9.39537e-06 122.875 9.40293e-06 122.237 9.41049e-06 122.222 9.41807e-06 121.591 9.42566e-06 121.035 9.43326e-06 121.019 9.44088e-06 120.402 9.4485e-06 119.79 9.45614e-06 119.185 9.46379e-06 119.236 9.47145e-06 118.637 9.47913e-06 118.621 9.48682e-06 117.524 9.49452e-06 117.508 9.50223e-06 116.86 9.50996e-06 116.418 9.5177e-06 116.334 9.52545e-06 115.831 9.53321e-06 115.266 9.54099e-06 114.708 9.54878e-06 114.221 9.55658e-06 114.136 9.56439e-06 113.196 9.57222e-06 113.111 9.58006e-06 112.639 9.58792e-06 112.106 9.59578e-06 112.087 9.60366e-06 111.056 9.61155e-06 110.603 9.61945e-06 110.583 9.62737e-06 109.646 9.6353e-06 109.561 9.64324e-06 108.642 9.6512e-06 108.686 9.65917e-06 108.126 9.66715e-06 107.234 9.67515e-06 107.277 9.68316e-06 106.731 9.69118e-06 105.863 9.69922e-06 105.906 9.70727e-06 104.927 9.71533e-06 104.969 9.72341e-06 104.07 9.7315e-06 103.679 9.7396e-06 103.228 9.74772e-06 102.781 9.75585e-06 102.4 9.76399e-06 101.961 9.77215e-06 101.177 9.78032e-06 100.685 9.78851e-06 100.383 9.79671e-06 99.8984 9.80492e-06 99.1483 9.81314e-06 98.7355 9.82138e-06 98.3874 9.82964e-06 97.6011 9.83791e-06 97.6384 9.84619e-06 96.4333 9.85448e-06 96.531 9.86279e-06 95.7146 9.87111e-06 95.0311 9.87945e-06 94.7113 9.88781e-06 94.334 9.89617e-06 93.6124 9.90455e-06 92.9613 9.91295e-06 92.5972 9.92135e-06 92.2358 9.92977e-06 91.6052 9.93821e-06 90.9841 9.94667e-06 90.6349 9.95513e-06 89.6533 9.96361e-06 89.6857 9.97211e-06 88.7253 9.98062e-06 88.4502 9.98914e-06 87.817 9.9977e-06 87.4785 1.00062e-05 86.2901 1.00148e-05 86.1966 1.00234e-05 85.8254 1.0032e-05 84.8919 1.00406e-05 84.5295 1.00492e-05 83.6206 1.00578e-05 83.5533 1.00665e-05 82.6466 1.00751e-05 82.3259 1.00838e-05 81.7234 1.00925e-05 81.1282 1.01012e-05 80.2898 1.011e-05 80.5008 1.01187e-05 78.8992 1.01275e-05 79.1151 1.01363e-05 78.3196 1.01451e-05 77.77 1.01539e-05 76.998 1.01627e-05 76.4641 1.01715e-05 76.237 1.01804e-05 74.9775 1.01892e-05 74.9854 1.01981e-05 74.2671 1.0207e-05 73.5607 1.02159e-05 72.8661 1.02249e-05 72.8885 1.02338e-05 71.5106 1.02428e-05 71.3495 1.02518e-05 70.8867 1.02608e-05 70.0535 1.02698e-05 69.2377 1.02788e-05 68.7977 1.02878e-05 68.4914 1.02969e-05 67.8877 1.0306e-05 66.644 1.0315e-05 66.5402 1.03241e-05 65.8017 1.03333e-05 65.5447 1.03424e-05 64.5251 1.03516e-05 64.1328 1.03608e-05 63.5984 1.037e-05 62.7738 1.03792e-05 62.1132 1.03884e-05 61.4649 1.03976e-05 60.8286 1.04068e-05 60.508 1.04161e-05 59.8939 1.04254e-05 59.1595 1.04347e-05 58.4412 1.0444e-05 57.8636 1.04533e-05 57.0509 1.04627e-05 56.7969 1.04721e-05 56.1345 1.04815e-05 55.3715 1.04909e-05 54.7385 1.05003e-05 54.1184 1.05097e-05 53.2979 1.05191e-05 53.1035 1.05286e-05 52.3173 1.05381e-05 51.7497 1.05476e-05 50.9033 1.05571e-05 50.3628 1.05667e-05 49.934 1.05762e-05 48.8637 1.05858e-05 48.6441 1.05954e-05 47.8944 1.0605e-05 47.1656 1.06146e-05 46.5368 1.06242e-05 46.1981 1.06339e-05 45.4455 1.06436e-05 44.7885 1.06533e-05 44.1487 1.0663e-05 43.3868 1.06727e-05 42.783 1.06825e-05 42.3266 1.06922e-05 41.3665 1.0702e-05 41.0105 1.07118e-05 40.3505 1.07216e-05 39.9629 1.07315e-05 38.9759 1.07413e-05 38.5696 1.07512e-05 37.9322 1.07611e-05 37.2133 1.0771e-05 36.5678 1.07809e-05 35.8959 1.07909e-05 35.5274 1.08009e-05 34.8079 1.08108e-05 33.9269 1.08208e-05 33.7556 1.08309e-05 32.8436 1.08409e-05 32.184 1.08509e-05 31.7671 1.0861e-05 31.1521 1.08711e-05 30.4586 1.08812e-05 29.8256 1.08914e-05 29.3918 1.09015e-05 28.5424 1.09117e-05 28.1247 1.09219e-05 27.4749 1.09321e-05 26.8528 1.09423e-05 26.2075 1.09525e-05 25.8006 1.09628e-05 25.1615 1.09731e-05 24.5303 1.09834e-05 23.9285 1.09937e-05 23.2958 1.10041e-05 22.9002 1.10144e-05 22.0864 1.10248e-05 21.6713 1.10352e-05 21.0713 1.10456e-05 20.6421 1.10561e-05 19.8769 1.10665e-05 19.4616 1.1077e-05 18.887 1.10875e-05 18.2966 1.1098e-05 17.7294 1.11086e-05 17.3075 1.11191e-05 16.6119 1.11297e-05 16.183 1.11403e-05 15.6331 1.11509e-05 15.2128 1.11616e-05 14.552 1.11722e-05 14.1374 1.11829e-05 13.6106 1.11936e-05 13.0845 1.12043e-05 12.5685 1.12151e-05 12.1622 1.12259e-05 11.6597 1.12367e-05 11.1612 1.12475e-05 10.6706 1.12583e-05 10.1875 1.12691e-05 9.79832 1.128e-05 9.25095 1.12908e-05 8.86546 1.13018e-05 8.48595 1.13127e-05 7.97008 1.13237e-05 7.59858 1.13347e-05 7.16964 1.13457e-05 6.7477 1.13567e-05 6.33549 1.13677e-05 5.93435 1.13787e-05 5.58939 1.13898e-05 5.2033 1.14009e-05 4.82835 1.1412e-05 4.46363 1.14232e-05 4.14381 1.14344e-05 3.79779 1.14456e-05 3.46213 1.14568e-05 3.13867 1.1468e-05 2.82599 1.14792e-05 2.54812 1.14905e-05 2.25796 1.15018e-05 1.98071 1.15131e-05 1.7169 1.15245e-05 1.47944 1.15359e-05 1.24167 1.15473e-05 1.0191 1.15587e-05 0.812442 1.15758e-05 0.622401"/>
    <matrix coldim="2" name="RAYLEIGH" values="7.74901e-06 900 7.77525e-06 900 7.80167e-06 900 7.82827e-06 900 7.85506e-06 900 7.88202e-06 900 7.90917e-06 900 7.93651e-06 900 7.96404e-06 900 7.99176e-06 900 8.01968e-06 900 8.04779e-06 900 8.07609e-06 900 8.1046e-06 900 8.13331e-06 900 8.16222e-06 900 8.19134e-06 900 8.22067e-06 900 8.25021e-06 900 8.27996e-06 900 8.30993e-06 900 8.34012e-06 900 8.37052e-06 900 8.40115e-06 900 8.432e-06 900 8.46308e-06 900 8.4944e-06 900 8.52594e-06 900 8.55772e-06 900 8.58973e-06 900 8.62199e-06 900 8.65449e-06 900 8.68723e-06 900 8.72023e-06 900 8.75347e-06 900 8.78697e-06 900 8.82073e-06 900 8.85475e-06 900 8.88903e-06 900 8.92358e-06 900 8.9584e-06 900 8.99349e-06 900 9.02885e-06 900 9.0645e-06 900 9.10043e-06 900 9.13664e-06 900 9.17314e-06 900 9.20994e-06 900 9.24703e-06 900 9.28442e-06 900 9.32212e-06 900 9.36012e-06 900 9.39844e-06 900 9.43707e-06 900 9.47602e-06 900 9.51529e-06 900 9.55489e-06 900 9.59481e-06 900 9.63508e-06 900 9.67568e-06 900 9.71663e-06 900 9.75792e-06 900 9.79957e-06 900 9.84158e-06 900 9.88394e-06 900 9.92668e-06 900 9.96978e-06 900 1.00133e-05 900 1.00571e-05 900 1.01014e-05 900 1.0146e-05 900 1.0191e-05 900 1.02365e-05 900 1.02823e-05 900 1.03286e-05 900 1.03752e-05 900 1.04223e-05 900 1.04699e-05 900 1.05178e-05 900 1.05662e-05 900 1.06151e-05 900 1.06644e-05 900 1.07142e-05 900 1.07644e-05 900 1.08151e-05 900 1.08663e-05 900 1.09179e-05 900 1.09701e-05 900 1.10228e-05 900 1.1076e-05 900 1.11296e-05 900 1.11839e-05 900 1.12386e-05 900 1.12939e-05 900 1.13497e-05 900 1.14061e-05 900 1.1463e-05 900 1.15206e-05 900 1.15787e-05 900 1.16373e-05 900"/>
    <matrix coldim="2" name="ABSLENGTH" values="7.74901e-06 10000 7.77525e-06 10000 7.80167e-06 10000 7.82827e-06 10000 7.85506e-06 10000 7.88202e-06 10000 7.90917e-06 10000 7.93651e-06 10000 7.96404e-06 10000 7.99176e-06 10000 8.01968e-06 10000 8.04779e-06 10000 8.07609e-06 10000 8.1046e-06 10000 8.13331e-06 10000 8.16222e-06 10000 8.19134e-06 10000 8.22067e-06 10000 8.25021e-06 10000 8.27996e-06 10000 8.30993e-06 10000 8.34012e-06 10000 8.37052e-06 10000 8.40115e-06 10000 8.432e-06 10000 8.46308e-06 10000 8.4944e-06 10000 8.52594e-06 10000 8.55772e-06 10000 8.58973e-06 10000 8.62199e-06 10000 8.65449e-06 10000 8.68723e-06 10000 8.72023e-06 10000 8.75347e-06 10000 8.78697e-06 10000 8.82073e-06 10000 8.85475e-06 10000 8.88903e-06 10000 8.92358e-06 10000 8.9584e-06 10000 8.99349e-06 10000 9.02885e-06 10000 9.0645e-06 10000 9.10043e-06 10000 9.13664e-06 10000 9.17314e-06 10000 9.20994e-06 10000 9.24703e-06 10000 9.28442e-06 10000 9.32212e-06 10000 9.36012e-06 10000 9.39844e-06 10000 9.43707e-06 10000 9.47602e-06 10000 9.51529e-06 10000 9.55489e-06 10000 9.59481e-06 10000 9.63508e-06 10000 9.67568e-06 10000 9.71663e-06 10000 9.75792e-06 10000 9.79957e-06 10000 9.84158e-06 10000 9.88394e-06 10000 9.92668e-06 10000 9.96978e-06 10000 1.00133e-05 10000 1.00571e-05 10000 1.01014e-05 10000 1.0146e-05 10000 1.0191e-05 10000 1.02365e-05 10000 1.02823e-05 10000 1.03286e-05 10000 1.03752e-05 10000 1.04223e-05 10000 1.04699e-05 10000 1.05178e-05 10000 1.05662e-05 10000 1.06151e-05 10000 1.06644e-05 10000 1.07142e-05 10000 1.07644e-05 10000 1.08151e-05 10000 1.08663e-05 10000 1.09179e-05 10000 1.09701e-05 10000 1.10228e-05 10000 1.1076e-05 10000 1.11296e-05 10000 1.11839e-05 10000 1.12386e-05 10000 1.12939e-05 10000 1.13497e-05 10000 1.14061e-05 10000 1.1463e-05 10000 1.15206e-05 10000 1.15787e-05 10000 1.16373e-05 10000"/>
    <matrix coldim="2" name="SCINTILLATIONCOMPONENT1" values="7.74901e-06 0.000238409 7.79551e-06 0.000322081 7.842e-06 0.000429707 7.88849e-06 0.000566384 7.93499e-06 0.000737801 7.98148e-06 0.00095019 8.02798e-06 0.00121025 8.07447e-06 0.00152501 8.12096e-06 0.00190171 8.16746e-06 0.00234761 8.21395e-06 0.00286978 8.26045e-06 0.00347484 8.30694e-06 0.00416879 8.35343e-06 0.00495668 8.39993e-06 0.0058424 8.44642e-06 0.00682847 8.49292e-06 0.00791578 8.53941e-06 0.00910346 8.58591e-06 0.0103887 8.6324e-06 0.0117668 8.67889e-06 0.0132309 8.72539e-06 0.0147724 8.77188e-06 0.0163804 8.81838e-06 0.0180427 8.86487e-06 0.0197453 8.91136e-06 0.0214731 8.95786e-06 0.0232096 9.00435e-06 0.0249382 9.05085e-06 0.0266413 9.09734e-06 0.0283018 9.14383e-06 0.0299026 9.19033e-06 0.0314274 9.23682e-06 0.0328608 9.28332e-06 0.0341885 9.32981e-06 0.0353979 9.3763e-06 0.0364779 9.4228e-06 0.0374193 9.46929e-06 0.0382148 9.51579e-06 0.038859 9.56228e-06 0.0393486 9.60877e-06 0.0396822 9.65527e-06 0.0398606 9.70176e-06 0.0398859 9.74826e-06 0.0397623 9.79475e-06 0.0394953 9.84125e-06 0.0390919 9.88774e-06 0.0385602 9.93423e-06 0.0379091 9.98073e-06 0.0371486 1.00272e-05 0.036289 1.00737e-05 0.0353412 1.01202e-05 0.034316 1.01667e-05 0.0332247 1.02132e-05 0.032078 1.02597e-05 0.0308868 1.03062e-05 0.0296612 1.03527e-05 0.0284112 1.03992e-05 0.0271461 1.04457e-05 0.0258745 1.04922e-05 0.0246045 1.05387e-05 0.0233434 1.05852e-05 0.0220979 1.06316e-05 0.0208737 1.06781e-05 0.0196762 1.07246e-05 0.0185096 1.07711e-05 0.017378 1.08176e-05 0.0162842 1.08641e-05 0.015231 1.09106e-05 0.0142202 1.09571e-05 0.0132532 1.10036e-05 0.012331 1.10501e-05 0.011454 1.10966e-05 0.0106224 1.11431e-05 0.0098359 1.11896e-05 0.0090939 1.12361e-05 0.00839559 1.12826e-05 0.00773992 1.13291e-05 0.00712565 1.13755e-05 0.0065514 1.1422e-05 0.00601564 1.14685e-05 0.00551678 1.1515e-05 0.00505315 1.15615e-05 0.00462305 1.1608e-05 0.00422473"/>
    <matrix coldim="2" name="SCINTILLATIONCOMPONENT2" values="7.74901e-06 0.000238409 7.79551e-06 0.000322081 7.842e-06 0.000429707 7.88849e-06 0.000566384 7.93499e-06 0.000737801 7.98148e-06 0.00095019 8.02798e-06 0.00121025 8.07447e-06 0.00152501 8.12096e-06 0.00190171 8.16746e-06 0.00234761 8.21395e-06 0.00286978 8.26045e-06 0.00347484 8.30694e-06 0.00416879 8.35343e-06 0.00495668 8.39993e-06 0.0058424 8.44642e-06 0.00682847 8.49292e-06 0.00791578 8.53941e-06 0.00910346 8.58591e-06 0.0103887 8.6324e-06 0.0117668 8.67889e-06 0.0132309 8.72539e-06 0.0147724 8.77188e-06 0.0163804 8.81838e-06 0.0180427 8.86487e-06 0.0197453 8.91136e-06 0.0214731 8.95786e-06 0.0232096 9.00435e-06 0.0249382 9.05085e-06 0.0266413 9.09734e-06 0.0283018 9.14383e-06 0.0299026 9.19033e-06 0.0314274 9.23682e-06 0.0328608 9.28332e-06 0.0341885 9.32981e-06 0.0353979 9.3763e-06 0.0364779 9.4228e-06 0.0374193 9.46929e-06 0.0382148 9.51579e-06 0.038859 9.56228e-06 0.0393486 9.60877e-06 0.0396822 9.65527e-06 0.0398606 9.70176e-06 0.0398859 9.74826e-06 0.0397623 9.79475e-06 0.0394953 9.84125e-06 0.0390919 9.88774e-06 0.0385602 9.93423e-06 0.0379091 9.98073e-06 0.0371486 1.00272e-05 0.036289 1.00737e-05 0.0353412 1.01202e-05 0.034316 1.01667e-05 0.0332247 1.02132e-05 0.032078 1.02597e-05 0.0308868 1.03062e-05 0.0296612 1.03527e-05 0.0284112 1.03992e-05 0.0271461 1.04457e-05 0.0258745 1.04922e-05 0.0246045 1.05387e-05 0.0233434 1.05852e-05 0.0220979 1.06316e-05 0.0208737 1.06781e-05 0.0196762 1.07246e-05 0.0185096 1.07711e-05 0.017378 1.08176e-05 0.0162842 1.08641e-05 0.015231 1.09106e-05 0.0142202 1.09571e-05 0.0132532 1.10036e-05 0.012331 1.10501e-05 0.011454 1.10966e-05 0.0106224 1.11431e-05 0.0098359 1.11896e-05 0.0090939 1.12361e-05 0.00839559 1.12826e-05 0.00773992 1.13291e-05 0.00712565 1.13755e-05 0.0065514 1.1422e-05 0.00601564 1.14685e-05 0.00551678 1.1515e-05 0.00505315 1.15615e-05 0.00462305 1.1608e-05 0.00422473"/>
    <matrix coldim="2" name="FASTCOMPONENT" values="7.74901e-06 0.000238409 7.79551e-06 0.000322081 7.842e-06 0.000429707 7.88849e-06 0.000566384 7.93499e-06 0.000737801 7.98148e-06 0.00095019 8.02798e-06 0.00121025 8.07447e-06 0.00152501 8.12096e-06 0.00190171 8.16746e-06 0.00234761 8.21395e-06 0.00286978 8.26045e-06 0.00347484 8.30694e-06 0.00416879 8.35343e-06 0.00495668 8.39993e-06 0.0058424 8.44642e-06 0.00682847 8.49292e-06 0.00791578 8.53941e-06 0.00910346 8.58591e-06 0.0103887 8.6324e-06 0.0117668 8.67889e-06 0.0132309 8.72539e-06 0.0147724 8.77188e-06 0.0163804 8.81838e-06 0.0180427 8.86487e-06 0.0197453 8.91136e-06 0.0214731 8.95786e-06 0.0232096 9.00435e-06 0.0249382 9.05085e-06 0.0266413 9.09734e-06 0.0283018 9.14383e-06 0.0299026 9.19033e-06 0.0314274 9.23682e-06 0.0328608 9.28332e-06 0.0341885 9.32981e-06 0.0353979 9.3763e-06 0.0364779 9.4228e-06 0.0374193 9.46929e-06 0.0382148 9.51579e-06 0.038859 9.56228e-06 0.0393486 9.60877e-06 0.0396822 9.65527e-06 0.0398606 9.70176e-06 0.0398859 9.74826e-06 0.0397623 9.79475e-06 0.0394953 9.84125e-06 0.0390919 9.88774e-06 0.0385602 9.93423e-06 0.0379091 9.98073e-06 0.0371486 1.00272e-05 0.036289 1.00737e-05 0.0353412 1.01202e-05 0.034316 1.01667e-05 0.0332247 1.02132e-05 0.032078 1.02597e-05 0.0308868 1.03062e-05 0.0296612 1.03527e-05 0.0284112 1.03992e-05 0.0271461 1.04457e-05 0.0258745 1.04922e-05 0.0246045 1.05387e-05 0.0233434 1.05852e-05 0.0220979 1.06316e-05 0.0208737 1.06781e-05 0.0196762 1.07246e-05 0.0185096 1.07711e-05 0.017378 1.08176e-05 0.0162842 1.08641e-05 0.015231 1.09106e-05 0.0142202 1.09571e-05 0.0132532 1.10036e-05 0.012331 1.10501e-05 0.011454 1.10966e-05 0.0106224 1.11431e-05 0.0098359 1.11896e-05 0.0090939 1.12361e-05 0.00839559 1.12826e-05 0.00773992 1.13291e-05 0.00712565 1.13755e-05 0.0065514 1.1422e-05 0.00601564 1.14685e-05 0.00551678 1.1515e-05 0.00505315 1.15615e-05 0.00462305 1.1608e-05 0.00422473"/>
    <matrix coldim="2" name="SLOWCOMPONENT" values="7.74901e-06 0.000238409 7.79551e-06 0.000322081 7.842e-06 0.000429707 7.88849e-06 0.000566384 7.93499e-06 0.000737801 7.98148e-06 0.00095019 8.02798e-06 0.00121025 8.07447e-06 0.00152501 8.12096e-06 0.00190171 8.16746e-06 0.00234761 8.21395e-06 0.00286978 8.26045e-06 0.00347484 8.30694e-06 0.00416879 8.35343e-06 0.00495668 8.39993e-06 0.0058424 8.44642e-06 0.00682847 8.49292e-06 0.00791578 8.53941e-06 0.00910346 8.58591e-06 0.0103887 8.6324e-06 0.0117668 8.67889e-06 0.0132309 8.72539e-06 0.0147724 8.77188e-06 0.0163804 8.81838e-06 0.0180427 8.86487e-06 0.0197453 8.91136e-06 0.0214731 8.95786e-06 0.0232096 9.00435e-06 0.0249382 9.05085e-06 0.0266413 9.09734e-06 0.0283018 9.14383e-06 0.0299026 9.19033e-06 0.0314274 9.23682e-06 0.0328608 9.28332e-06 0.0341885 9.32981e-06 0.0353979 9.3763e-06 0.0364779 9.4228e-06 0.0374193 9.46929e-06 0.0382148 9.51579e-06 0.038859 9.56228e-06 0.0393486 9.60877e-06 0.0396822 9.65527e-06 0.0398606 9.70176e-06 0.0398859 9.74826e-06 0.0397623 9.79475e-06 0.0394953 9.84125e-06 0.0390919 9.88774e-06 0.0385602 9.93423e-06 0.0379091 9.98073e-06 0.0371486 1.00272e-05 0.036289 1.00737e-05 0.0353412 1.01202e-05 0.034316 1.01667e-05 0.0332247 1.02132e-05 0.032078 1.02597e-05 0.0308868 1.03062e-05 0.0296612 1.03527e-05 0.0284112 1.03992e-05 0.0271461 1.04457e-05 0.0258745 1.04922e-05 0.0246045 1.05387e-05 0.0233434 1.05852e-05 0.0220979 1.06316e-05 0.0208737 1.06781e-05 0.0196762 1.07246e-05 0.0185096 1.07711e-05 0.017378 1.08176e-05 0.0162842 1.08641e-05 0.015231 1.09106e-05 0.0142202 1.09571e-05 0.0132532 1.10036e-05 0.012331 1.10501e-05 0.011454 1.10966e-05 0.0106224 1.11431e-05 0.0098359 1.11896e-05 0.0090939 1.12361e-05 0.00839559 1.12826e-05 0.00773992 1.13291e-05 0.00712565 1.13755e-05 0.0065514 1.1422e-05 0.00601564 1.14685e-05 0.00551678 1.1515e-05 0.00505315 1.15615e-05 0.00462305 1.1608e-05 0.00422473"/>
    <matrix coldim="2" name="REEMISSIONPROB" values="7.74901e-06 0.000238409 7.79551e-06 0.000322081 7.842e-06 0.000429707 7.88849e-06 0.000566384 7.93499e-06 0.000737801 7.98148e-06 0.00095019 8.02798e-06 0.00121025 8.07447e-06 0.00152501 8.12096e-06 0.00190171 8.16746e-06 0.00234761 8.21395e-06 0.00286978 8.26045e-06 0.00347484 8.30694e-06 0.00416879 8.35343e-06 0.00495668 8.39993e-06 0.0058424 8.44642e-06 0.00682847 8.49292e-06 0.00791578 8.53941e-06 0.00910346 8.58591e-06 0.0103887 8.6324e-06 0.0117668 8.67889e-06 0.0132309 8.72539e-06 0.0147724 8.77188e-06 0.0163804 8.81838e-06 0.0180427 8.86487e-06 0.0197453 8.91136e-06 0.0214731 8.95786e-06 0.0232096 9.00435e-06 0.0249382 9.05085e-06 0.0266413 9.09734e-06 0.0283018 9.14383e-06 0.0299026 9.19033e-06 0.0314274 9.23682e-06 0.0328608 9.28332e-06 0.0341885 9.32981e-06 0.0353979 9.3763e-06 0.0364779 9.4228e-06 0.0374193 9.46929e-06 0.0382148 9.51579e-06 0.038859 9.56228e-06 0.0393486 9.60877e-06 0.0396822 9.65527e-06 0.0398606 9.70176e-06 0.0398859 9.74826e-06 0.0397623 9.79475e-06 0.0394953 9.84125e-06 0.0390919 9.88774e-06 0.0385602 9.93423e-06 0.0379091 9.98073e-06 0.0371486 1.00272e-05 0.036289 1.00737e-05 0.0353412 1.01202e-05 0.034316 1.01667e-05 0.0332247 1.02132e-05 0.032078 1.02597e-05 0.0308868 1.03062e-05 0.0296612 1.03527e-05 0.0284112 1.03992e-05 0.0271461 1.04457e-05 0.0258745 1.04922e-05 0.0246045 1.05387e-05 0.0233434 1.05852e-05 0.0220979 1.06316e-05 0.0208737 1.06781e-05 0.0196762 1.07246e-05 0.0185096 1.07711e-05 0.017378 1.08176e-05 0.0162842 1.08641e-05 0.015231 1.09106e-05 0.0142202 1.09571e-05 0.0132532 1.10036e-05 0.012331 1.10501e-05 0.011454 1.10966e-05 0.0106224 1.11431e-05 0.0098359 1.11896e-05 0.0090939 1.12361e-05 0.00839559 1.12826e-05 0.00773992 1.13291e-05 0.00712565 1.13755e-05 0.0065514 1.1422e-05 0.00601564 1.14685e-05 0.00551678 1.1515e-05 0.00505315 1.15615e-05 0.00462305 1.1608e-05 0.00422473"/>
    <matrix coldim="1" name="SCINTILLATIONYIELD" values="50000"/>
    <matrix coldim="1" name="RESOLUTIONSCALE" values="1"/>
    <matrix coldim="1" name="SCINTILLATIONTIMECONSTANT1" values="1590"/>
    <matrix coldim="1" name="SCINTILLATIONTIMECONSTANT2" values="1590"/>
    <matrix coldim="1" name="SCINTILLATIONYIELD1" values="0.8"/>
    <matrix coldim="1" name="SCINTILLATIONYIELD2" values="0.2"/>
    <matrix coldim="1" name="SCINTILLATIONTIMECONSTANT" values="6"/>
    <matrix coldim="1" name="YIELDRATIO" values="0.8"/>
    <matrix coldim="1" name="FASTTIMECONSTANT" values="6"/>
    <matrix coldim="1" name="SLOWTIMECONSTANT" values="1590"/>
  </define>
